0 69.0 5.043649597319174E-5
1 43.0 6.245110077154421E-5
2 14.0 5.038100126280674E-5
3 428.0 5.043649597319174E-5
4 65.0 5.038100126280674E-5
5 35.0 9.866139929775703E-5
6 52.0 1.1217074642335149E-4
7 33.0 5.043649597319174E-5
8 13.0 5.043649597319174E-5
9 167.0 5.043649597319174E-5
10 212.0 5.038100126280674E-5
11 12.0 5.038100126280674E-5
12 28.0 5.038100126280674E-5
13 29.0 6.245110077154427E-5
14 49.0 5.038100126280674E-5
15 64.0 5.038100126280674E-5
16 5.0 5.038100126280674E-5
17 113.0 5.038100126280674E-5
18 68.0 9.866139929775615E-5
19 130.0 5.038100126280674E-5
20 84.0 1.5258984711435171E-4
21 99.0 5.043649597319174E-5
22 24.0 5.038100126280674E-5
23 16.0 5.038100126280674E-5
24 23.0 8.297472827602264E-5
25 25.0 1.6956346635841655E-4
26 41.0 1.0049448874909837E-4
27 31.0 3.131090356695749E-4
28 45.0 1.330327210519303E-4
29 34.0 5.038100126280674E-5
30 12.0 5.043649597319174E-5
31 10.0 5.038100126280674E-5
32 15.0 7.622956871228772E-4
33 9.0 5.038100126280674E-5
34 78.0 5.043649597319174E-5
35 88.0 1.8380172540670024E-4
36 46.0 5.043649597319174E-5
37 12.0 5.038100126280674E-5
38 21.0 3.21635000504717E-4
39 35.0 5.043649597319174E-5
40 46.0 5.038100126280674E-5
41 128.0 5.043649597319174E-5
42 122.0 5.038100126280674E-5
43 151.0 5.043649597319174E-5
44 42.0 5.043649597319174E-5
45 14.0 5.043649597319174E-5
46 144.0 5.043649597319174E-5
47 20.0 5.038100126280674E-5
48 20.0 5.038100126280674E-5
49 86.0 9.288608055162804E-5
50 56.0 5.038100126280674E-5
51 9.0 5.038100126280674E-5
52 95.0 5.038100126280674E-5
53 60.0 5.038100126280674E-5
54 118.0 8.811192468893576E-5
55 108.0 9.866139929775707E-5
56 7.0 5.038100126280674E-5
57 20.0 5.038100126280674E-5
58 112.0 5.043649597319174E-5
59 147.0 5.296558149796741E-4
60 22.0 9.362916394058647E-5
61 20.0 5.038100126280674E-5
62 262.0 9.877011031290142E-5
63 147.0 5.038100126280674E-5
64 56.0 9.877011031290207E-5
65 9.0 5.038100126280674E-5
66 17.0 5.038100126280674E-5
67 99.0 9.877011031290214E-5
68 492.0 5.043649597319174E-5
69 469.0 8.122910442431211E-4
70 46.0 1.1042263461034222E-4
71 278.0 5.043649597319174E-5
72 227.0 7.443793968426281E-5
73 91.0 7.460330314304652E-5
74 151.0 5.043649597319174E-5
75 58.0 5.043649597319174E-5
76 9.0 5.038100126280674E-5
77 134.0 5.043649597319174E-5
78 213.0 5.038100126280674E-5
79 266.0 5.043649597319174E-5
80 40.0 5.038100126280674E-5
81 338.0 5.043649597319174E-5
82 111.0 6.025502236145281E-5
83 303.0 5.043649597319174E-5
84 77.0 5.038100126280674E-5
85 16.0 5.038100126280674E-5
86 50.0 1.3840017369130838E-4
87 33.0 1.8328970896796615E-4
88 98.0 1.8556611576066805E-4
89 136.0 7.460330314304668E-5
90 329.0 3.910909267493521E-4
91 79.0 5.038100126280674E-5
92 283.0 5.043649597319174E-5
93 112.0 5.038100126280674E-5
94 4.0 5.038100126280674E-5
95 65.0 2.0249293911314098E-4
96 10.0 5.038100126280674E-5
97 70.0 5.043649597319174E-5
98 276.0 0.0024761124578406386
99 52.0 7.452120028028151E-5
100 6.0 5.038100126280674E-5
101 10.0 5.043649597319174E-5
102 97.0 6.003708086979681E-5
103 72.0 6.245110077154423E-5
104 94.0 6.135988615954796E-5
105 329.0 5.038100126280674E-5
106 47.0 5.038100126280674E-5
107 16.0 5.043649597319174E-5
108 13.0 5.038100126280674E-5
109 21.0 5.043649597319174E-5
110 287.0 5.043649597319174E-5
111 88.0 5.038100126280674E-5
112 21.0 6.647446727445666E-5
113 22.0 9.004265802226583E-5
114 157.0 0.002083465435322467
115 245.0 4.098624694846072E-4
116 192.0 8.781202031368576E-5
117 26.0 1.1023594558307915E-4
118 28.0 7.460330314304649E-5
119 384.0 3.142218248921911E-4
120 33.0 5.043649597319174E-5
121 62.0 5.043649597319174E-5
122 33.0 5.038100126280674E-5
123 222.0 1.4953113152284904E-4
124 202.0 5.727820098208536E-5
125 370.0 5.043649597319174E-5
126 16.0 5.038100126280674E-5
127 263.0 5.043649597319174E-5
128 45.0 5.038100126280674E-5
129 12.0 5.038100126280674E-5
130 11.0 5.043649597319174E-5
131 14.0 5.043649597319174E-5
132 6.0 5.038100126280674E-5
133 60.0 1.4888605456504084E-4
134 136.0 7.460330314304649E-5
135 94.0 5.038100126280674E-5
136 426.0 1.1048763333103363E-4
137 170.0 9.866139929775675E-5
138 45.0 5.038100126280674E-5
139 48.0 7.452120028028162E-5
140 14.0 9.86613992977565E-5
141 7.0 5.043649597319174E-5
142 35.0 5.038100126280674E-5
143 41.0 1.451419118394293E-4
144 27.0 5.727820098208536E-5
145 17.0 5.043649597319174E-5
146 29.0 5.038100126280674E-5
147 55.0 7.796730014467727E-5
148 125.0 5.038100126280674E-5
149 30.0 5.038100126280674E-5
150 8.0 5.038100126280674E-5
151 105.0 1.138952639883878E-4
152 3.0 1.8112211204462925E-4
153 195.0 5.043649597319174E-5
154 155.0 6.647446727445664E-5
155 13.0 5.038100126280674E-5
156 50.0 5.038100126280674E-5
157 3.0 5.038100126280674E-5
158 34.0 5.038100126280674E-5
159 49.0 5.038100126280674E-5
160 46.0 5.038100126280674E-5
161 53.0 5.038100126280674E-5
162 12.0 5.043649597319174E-5
163 5.0 5.038100126280674E-5
164 65.0 6.235453609933556E-5
165 5.0 5.038100126280674E-5
166 184.0 5.043649597319174E-5
167 117.0 5.043649597319174E-5
168 89.0 5.703654111089295E-4
169 211.0 6.146632172789846E-5
170 157.0 5.038100126280674E-5
171 7.0 5.038100126280674E-5
172 18.0 5.038100126280674E-5
173 17.0 5.038100126280674E-5
174 51.0 5.038100126280674E-5
175 112.0 5.038100126280674E-5
176 75.0 6.251989955811924E-5
177 47.0 1.2402402572746124E-4
178 31.0 5.038100126280674E-5
179 176.0 5.043649597319174E-5
180 82.0 7.452120028028145E-5
181 33.0 5.038100126280674E-5
182 335.0 1.2870806440169123E-4
183 186.0 5.038100126280674E-5
184 81.0 5.043649597319174E-5
185 77.0 5.038100126280674E-5
186 36.0 5.043649597319174E-5
187 24.0 5.043649597319174E-5
188 73.0 7.460330314304654E-5
189 96.0 5.043649597319174E-5
190 270.0 6.815770918379282E-5
191 12.0 5.038100126280674E-5
192 3.0 5.038100126280674E-5
193 139.0 9.999685929209224E-5
194 92.0 5.043649597319174E-5
195 266.0 5.043649597319174E-5
196 33.0 5.043649597319174E-5
197 68.0 5.038100126280674E-5
198 16.0 5.038100126280674E-5
199 287.0 3.910909267493521E-4
200 10.0 5.038100126280674E-5
201 515.0 9.587591542539617E-4
202 63.0 1.8195107912702751E-4
203 36.0 5.043649597319174E-5
204 57.0 5.038100126280674E-5
205 23.0 5.043649597319174E-5
206 15.0 5.038100126280674E-5
207 258.0 2.4406203448116485E-4
208 4.0 5.038100126280674E-5
209 150.0 5.043649597319174E-5
210 445.0 0.001361928771951652
211 11.0 5.038100126280674E-5
212 15.0 5.038100126280674E-5
213 151.0 2.8469525327395043E-4
214 120.0 5.038100126280674E-5
215 104.0 5.520904106630177E-5
216 2.0 5.038100126280674E-5
217 17.0 5.038100126280674E-5
218 19.0 5.574548993335678E-5
219 338.0 1.1042263461034222E-4
220 51.0 5.043649597319174E-5
221 237.0 1.8697074071988493E-4
222 3.0 5.038100126280674E-5
223 167.0 4.235437764049331E-4
224 91.0 5.043649597319174E-5
225 373.0 3.251135053755129E-4
226 184.0 5.043649597319174E-5
227 88.0 1.7690717697596466E-4
228 109.0 5.043649597319174E-5
229 11.0 5.038100126280674E-5
230 36.0 5.038100126280674E-5
231 116.0 1.1422425497557853E-4
232 131.0 5.038100126280674E-5
233 64.0 5.038100126280674E-5
234 58.0 5.038100126280674E-5
235 35.0 5.043649597319174E-5
236 16.0 5.043649597319174E-5
237 66.0 5.043649597319174E-5
238 41.0 7.460330314304649E-5
239 174.0 6.245110077154421E-5
240 39.0 5.043649597319174E-5
241 20.0 5.038100126280674E-5
242 324.0 5.043649597319174E-5
243 4.0 5.038100126280674E-5
244 10.0 5.038100126280674E-5
245 119.0 1.8328970896796384E-4
246 25.0 4.0875300411880966E-4
247 80.0 5.043649597319174E-5
248 4.0 5.043649597319174E-5
249 116.0 1.0716794561820032E-4
250 13.0 5.038100126280674E-5
251 112.0 1.661024913501073E-4
252 283.0 5.043649597319174E-5
253 59.0 5.043649597319174E-5
254 8.0 5.038100126280674E-5
255 218.0 5.038100126280674E-5
256 60.0 5.038100126280674E-5
257 78.0 5.043649597319174E-5
258 84.0 1.318838921750657E-4
259 117.0 5.038100126280674E-5
260 72.0 9.866139929775604E-5
261 268.0 1.567946987636832E-4
262 19.0 5.038100126280674E-5
263 777.0 5.043649597319174E-5
264 72.0 5.038100126280674E-5
265 24.0 1.372432202488335E-4
266 180.0 5.043649597319174E-5
267 15.0 5.038100126280674E-5
268 23.0 0.002079034123116719
269 222.0 2.1306748330628404E-4
270 189.0 1.067244034192676E-4
271 152.0 7.859602445110122E-5
272 476.0 5.043649597319174E-5
273 84.0 5.043649597319174E-5
274 10.0 5.038100126280674E-5
275 12.0 5.038100126280674E-5
276 355.0 6.089874234230146E-4
277 288.0 7.891276024711373E-4
278 10.0 5.043649597319174E-5
279 229.0 3.178599540953043E-4
280 623.0 5.043649597319174E-5
281 293.0 5.043649597319174E-5
282 47.0 7.452120028028143E-5
283 151.0 2.8221105654947E-4
284 44.0 5.038100126280674E-5
285 9.0 5.038100126280674E-5
286 69.0 5.038100126280674E-5
287 148.0 7.20189997555554E-5
288 302.0 1.440428094091633E-4
289 27.0 5.038100126280674E-5
290 241.0 1.8135388748550003E-4
291 32.0 5.043649597319174E-5
292 77.0 7.452120028028148E-5
293 326.0 2.3397076198532953E-4
294 93.0 5.038100126280674E-5
295 35.0 5.038100126280674E-5
296 79.0 5.734129802172179E-5
297 6.0 5.038100126280674E-5
298 55.0 1.563253799011176E-4
299 158.0 5.038100126280674E-5
300 30.0 4.0875300411880966E-4
301 89.0 5.038100126280674E-5
302 161.0 5.043649597319174E-5
303 61.0 5.038100126280674E-5
304 244.0 1.252584406466627E-4
305 286.0 5.043649597319174E-5
306 134.0 2.6099529647551366E-4
307 8.0 5.043649597319174E-5
308 64.0 5.043649597319174E-5
309 37.0 5.043649597319174E-5
310 50.0 5.043649597319174E-5
311 141.0 1.0978781676344556E-4
312 82.0 5.038100126280674E-5
313 119.0 7.063955612326873E-5
314 107.0 5.038100126280674E-5
315 91.0 1.9288578916261108E-4
316 103.0 5.038100126280674E-5
317 67.0 7.850950967278064E-5
318 113.0 2.846629910106239E-4
319 77.0 5.038100126280674E-5
320 743.0 8.619971350089526E-4
321 272.0 1.9165280129883837E-4
322 12.0 5.043649597319174E-5
323 7.0 5.043649597319174E-5
324 59.0 5.043649597319174E-5
325 121.0 1.0923852223904671E-4
326 41.0 5.043649597319174E-5
327 37.0 5.043649597319174E-5
328 297.0 5.043649597319174E-5
329 320.0 5.043649597319174E-5
330 261.0 6.6547700753095E-5
331 314.0 7.460330314304649E-5
332 301.0 1.2194473673005364E-4
333 314.0 5.043649597319174E-5
334 339.0 8.301543946400026E-5
335 262.0 5.043649597319174E-5
336 282.0 5.043649597319174E-5
337 249.0 5.038100126280674E-5
338 272.0 6.740443591357195E-4
339 193.0 9.877011031290137E-5
340 270.0 2.002396269812874E-4
341 61.0 5.043649597319174E-5
342 277.0 5.043649597319174E-5
343 48.0 7.452120028028151E-5
344 255.0 5.043649597319174E-5
345 307.0 5.043649597319174E-5
346 57.0 7.452120028028145E-5
347 3.0 5.038100126280674E-5
348 4.0 5.038100126280674E-5
349 375.0 5.043649597319174E-5
350 216.0 5.043649597319174E-5
351 107.0 5.038100126280674E-5
352 185.0 1.0567491236143128E-4
353 5.0 5.038100126280674E-5
354 50.0 5.038100126280674E-5
355 21.0 5.038100126280674E-5
356 240.0 5.043649597319174E-5
357 176.0 2.5451652982499566E-4
358 145.0 5.043649597319174E-5
359 41.0 6.235453609933556E-5
360 41.0 5.038100126280674E-5
361 132.0 1.4292373294957084E-4
362 35.0 5.038100126280674E-5
363 48.0 1.3584583494873404E-4
364 30.0 1.228015983152319E-4
365 161.0 5.043649597319174E-5
366 182.0 5.043649597319174E-5
367 13.0 5.038100126280674E-5
368 61.0 5.043649597319174E-5
369 126.0 1.1861304740451361E-4
370 157.0 1.917652264946876E-4
371 19.0 5.038100126280674E-5
372 50.0 9.877011031290115E-5
373 18.0 5.038100126280674E-5
374 27.0 5.043649597319174E-5
375 238.0 2.1874736999133597E-4
376 3.0 5.038100126280674E-5
377 19.0 6.647446727445664E-5
378 4.0 5.038100126280674E-5
379 113.0 5.043649597319174E-5
380 156.0 5.043649597319174E-5
381 50.0 5.038100126280674E-5
382 105.0 5.727820098208536E-5
383 92.0 5.038100126280674E-5
384 4.0 5.038100126280674E-5
385 162.0 5.038100126280674E-5
386 8.0 1.4916870930167076E-4
387 13.0 5.038100126280674E-5
388 21.0 5.038100126280674E-5
389 19.0 5.038100126280674E-5
390 266.0 5.043649597319174E-5
391 266.0 5.043649597319174E-5
392 66.0 5.038100126280674E-5
393 12.0 5.038100126280674E-5
394 12.0 5.038100126280674E-5
395 368.0 5.043649597319174E-5
396 36.0 5.038100126280674E-5
397 7.0 5.038100126280674E-5
398 12.0 5.043649597319174E-5
399 47.0 5.038100126280674E-5
400 19.0 5.043649597319174E-5
401 14.0 5.038100126280674E-5
402 39.0 5.043649597319174E-5
403 14.0 5.043649597319174E-5
404 233.0 1.883891663964358E-4
405 52.0 5.038100126280674E-5
406 47.0 5.043649597319174E-5
407 145.0 1.5372203558980247E-4
408 243.0 5.038100126280674E-5
409 7.0 5.038100126280674E-5
410 135.0 1.2181049186840202E-4
411 370.0 9.877011031290167E-5
412 32.0 5.043649597319174E-5
413 6.0 5.038100126280674E-5
414 37.0 5.038100126280674E-5
415 155.0 5.043649597319174E-5
416 157.0 5.038100126280674E-5
417 219.0 6.963765094204855E-5
418 426.0 7.460330314304676E-5
419 45.0 5.043649597319174E-5
420 124.0 5.043649597319174E-5
421 421.0 3.0024262247048633E-4
422 167.0 5.038100126280674E-5
423 33.0 5.043649597319174E-5
424 5.0 5.038100126280674E-5
425 4.0 5.038100126280674E-5
426 120.0 5.038100126280674E-5
427 172.0 5.038100126280674E-5
428 114.0 5.043649597319174E-5
429 20.0 5.038100126280674E-5
430 2.0 5.038100126280674E-5
431 3.0 5.043649597319174E-5
432 72.0 5.043649597319174E-5
433 26.0 5.038100126280674E-5
434 9.0 5.043649597319174E-5
435 33.0 5.043649597319174E-5
436 2.0 5.038100126280674E-5
437 95.0 8.199745169786324E-5
438 39.0 5.043649597319174E-5
439 6.0 5.038100126280674E-5
440 7.0 5.038100126280674E-5
441 112.0 5.038100126280674E-5
442 47.0 5.038100126280674E-5
443 19.0 5.043649597319174E-5
444 31.0 5.038100126280674E-5
445 30.0 5.038100126280674E-5
446 29.0 5.038100126280674E-5
447 344.0 5.73412980217218E-5
448 10.0 7.622956871228797E-4
449 86.0 5.038100126280674E-5
450 135.0 5.043649597319174E-5
451 10.0 5.038100126280674E-5
452 435.0 8.190719565488665E-5
453 222.0 8.282048237822812E-5
454 373.0 7.943666457701754E-5
455 4.0 5.038100126280674E-5
456 113.0 5.043649597319174E-5
457 68.0 5.043649597319174E-5
458 198.0 8.449381651857973E-4
459 15.0 5.038100126280674E-5
460 45.0 6.6547700753095E-5
461 15.0 5.043649597319174E-5
462 17.0 5.043649597319174E-5
463 181.0 5.038100126280674E-5
464 40.0 5.038100126280674E-5
465 27.0 5.038100126280674E-5
466 24.0 5.043649597319174E-5
467 27.0 5.043649597319174E-5
468 20.0 5.043649597319174E-5
469 13.0 5.038100126280674E-5
470 37.0 5.727820098208536E-5
471 41.0 5.038100126280674E-5
472 104.0 2.0686363260555442E-4
473 12.0 5.038100126280674E-5
474 12.0 5.038100126280674E-5
475 360.0 5.038100126280674E-5
476 6.0 5.038100126280674E-5
477 95.0 9.866139929775687E-5
478 120.0 2.3744301031654305E-4
479 6.0 5.038100126280674E-5
480 16.0 5.038100126280674E-5
481 291.0 3.839049154047888E-4
482 186.0 6.0103218841133925E-5
483 25.0 1.0010708170979989E-4
484 95.0 5.038100126280674E-5
485 20.0 5.043649597319174E-5
486 90.0 1.2194473673005348E-4
487 82.0 5.043649597319174E-5
488 20.0 5.038100126280674E-5
489 54.0 5.038100126280674E-5
490 51.0 7.572653674436803E-4
491 191.0 9.061466629193117E-5
492 75.0 4.594522544833308E-4
493 46.0 5.038100126280674E-5
494 196.0 5.038100126280674E-5
495 14.0 7.622956871228952E-4
496 15.0 7.622956871228954E-4
497 70.0 6.654770075309501E-5
498 32.0 5.038100126280674E-5
499 53.0 5.038100126280674E-5
500 87.0 3.2199041321026513E-4
501 16.0 5.038100126280674E-5
502 57.0 5.038100126280674E-5
503 32.0 5.038100126280674E-5
504 205.0 5.043649597319174E-5
505 9.0 5.038100126280674E-5
506 28.0 5.038100126280674E-5
507 9.0 5.038100126280674E-5
508 94.0 5.038100126280674E-5
509 37.0 9.071450792295021E-5
510 56.0 8.429427725411716E-5
511 68.0 5.038100126280674E-5
512 37.0 5.038100126280674E-5
513 114.0 8.642611538121453E-5
514 22.0 5.038100126280674E-5
515 329.0 5.08527043260284E-4
516 32.0 5.038100126280674E-5
517 51.0 5.038100126280674E-5
518 16.0 5.038100126280674E-5
519 140.0 9.764559463301429E-5
520 110.0 1.2194473673005342E-4
521 23.0 5.043649597319174E-5
522 19.0 7.452120028028143E-5
523 95.0 5.038100126280674E-5
524 93.0 5.038100126280674E-5
525 25.0 5.043649597319174E-5
526 73.0 6.6547700753095E-5
527 7.0 5.043649597319174E-5
528 36.0 9.41367902955382E-5
529 78.0 9.107980802989E-5
530 259.0 1.0127624081475422E-4
531 13.0 5.038100126280674E-5
532 696.0 5.038100126280674E-5
533 239.0 3.3168772347805605E-4
534 14.0 5.043649597319174E-5
535 54.0 5.043649597319174E-5
536 397.0 7.701073186851237E-4
537 32.0 5.043649597319174E-5
538 2.0 5.038100126280674E-5
539 5.0 5.038100126280674E-5
540 4.0 5.038100126280674E-5
541 22.0 5.038100126280674E-5
542 23.0 5.038100126280674E-5
543 1772.0 5.038100126280674E-5
544 92.0 5.043649597319174E-5
545 102.0 5.038100126280674E-5
546 18.0 5.038100126280674E-5
547 16.0 5.038100126280674E-5
548 501.0 5.038100126280674E-5
549 37.0 5.038100126280674E-5
550 24.0 5.038100126280674E-5
551 13.0 5.038100126280674E-5
552 17.0 5.038100126280674E-5
553 8.0 5.043649597319174E-5
554 30.0 5.043649597319174E-5
555 76.0 5.038100126280674E-5
556 9.0 5.038100126280674E-5
557 3.0 5.038100126280674E-5
558 65.0 5.038100126280674E-5
559 368.0 8.034122586493875E-5
560 52.0 5.043649597319174E-5
561 172.0 4.928419106005739E-4
562 2.0 5.038100126280674E-5
563 114.0 6.916741147752089E-5
564 80.0 5.043649597319174E-5
565 7.0 5.038100126280674E-5
566 24.0 5.043649597319174E-5
567 659.0 3.149563645289965E-4
568 281.0 5.043649597319174E-5
569 295.0 5.043649597319174E-5
570 298.0 5.038100126280674E-5
571 312.0 5.043649597319174E-5
572 277.0 5.043649597319174E-5
573 377.0 4.1718355308674617E-4
574 409.0 8.128258469828858E-5
575 111.0 5.043649597319174E-5
576 13.0 5.038100126280674E-5
577 97.0 5.038100126280674E-5
578 148.0 9.877011031290148E-5
579 20.0 5.038100126280674E-5
580 33.0 5.038100126280674E-5
581 123.0 1.6776987041350433E-4
582 31.0 5.038100126280674E-5
583 42.0 5.043649597319174E-5
584 132.0 5.038100126280674E-5
585 33.0 6.15074187284962E-5
586 35.0 5.038100126280674E-5
587 139.0 5.043649597319174E-5
588 268.0 5.043649597319174E-5
589 13.0 5.038100126280674E-5
590 78.0 5.038100126280674E-5
591 5.0 5.038100126280674E-5
592 15.0 5.038100126280674E-5
593 11.0 5.038100126280674E-5
594 268.0 5.043649597319174E-5
595 237.0 7.460330314304696E-5
596 20.0 5.038100126280674E-5
597 430.0 7.796730014467727E-5
598 51.0 5.043649597319174E-5
599 10.0 5.038100126280674E-5
600 121.0 9.877011031290172E-5
601 8.0 5.038100126280674E-5
602 51.0 5.038100126280674E-5
603 241.0 7.34610177569161E-5
604 95.0 5.043649597319174E-5
605 337.0 5.043649597319174E-5
606 81.0 5.038100126280674E-5
607 28.0 5.038100126280674E-5
608 19.0 5.038100126280674E-5
609 139.0 6.647446727445662E-5
610 83.0 9.110666707473939E-5
611 115.0 5.043649597319174E-5
612 58.0 5.043649597319174E-5
613 29.0 5.038100126280674E-5
614 43.0 5.038100126280674E-5
615 57.0 5.038100126280674E-5
616 227.0 5.038100126280674E-5
617 10.0 5.038100126280674E-5
618 59.0 5.038100126280674E-5
619 300.0 5.043649597319174E-5
620 6.0 5.038100126280674E-5
621 82.0 5.038100126280674E-5
622 68.0 5.043649597319174E-5
623 47.0 1.7239937206684058E-4
624 131.0 0.002278470627740068
625 58.0 5.038100126280674E-5
626 104.0 1.9492871151458824E-4
627 18.0 5.038100126280674E-5
628 36.0 1.1199146086709876E-4
629 89.0 6.245110077154423E-5
630 46.0 5.038100126280674E-5
631 6.0 5.038100126280674E-5
632 242.0 9.11802712353282E-5
633 19.0 5.038100126280674E-5
634 11.0 5.038100126280674E-5
635 262.0 9.358131407422027E-5
636 61.0 5.043649597319174E-5
637 106.0 5.043649597319174E-5
638 135.0 8.429427725411697E-5
639 88.0 5.038100126280674E-5
640 28.0 5.038100126280674E-5
641 68.0 5.043649597319174E-5
642 43.0 5.038100126280674E-5
643 14.0 2.0573447660629103E-4
644 3.0 5.043649597319174E-5
645 7.0 5.038100126280674E-5
646 358.0 7.68401461040632E-5
647 23.0 5.038100126280674E-5
648 34.0 5.038100126280674E-5
649 39.0 6.647446727445661E-5
650 6.0 5.038100126280674E-5
651 37.0 5.038100126280674E-5
652 69.0 7.063955612326884E-5
653 254.0 8.811192468893624E-5
654 190.0 2.0718676743175442E-4
655 216.0 0.0027716365585381242
656 89.0 0.0017870367959476321
657 156.0 4.824505935502078E-4
658 472.0 0.0016640610900691408
659 13.0 5.043649597319174E-5
660 33.0 5.038100126280674E-5
661 368.0 0.0016952306085975363
662 148.0 5.043649597319174E-5
663 78.0 2.1706165365637217E-4
664 211.0 5.043649597319174E-5
665 13.0 3.2199041321026513E-4
666 332.0 5.043649597319174E-5
667 86.0 2.1989368091061988E-4
668 32.0 5.038100126280674E-5
669 19.0 5.038100126280674E-5
670 166.0 5.775193763305767E-4
671 267.0 5.436089117164702E-4
672 30.0 5.043649597319174E-5
673 96.0 1.8305849696566265E-4
674 9.0 5.043649597319174E-5
675 286.0 5.043649597319174E-5
676 322.0 6.251989955811927E-5
677 394.0 5.038100126280674E-5
678 56.0 1.1896943670979663E-4
679 49.0 5.038100126280674E-5
680 240.0 5.043649597319174E-5
681 182.0 5.043649597319174E-5
682 70.0 1.7565948887907426E-4
683 103.0 1.364293847875391E-4
684 5.0 7.452120028028154E-5
685 325.0 1.9844504709660006E-4
686 69.0 5.038100126280674E-5
687 41.0 5.038100126280674E-5
688 133.0 6.67259752135663E-5
689 98.0 5.043649597319174E-5
690 314.0 5.043649597319174E-5
691 70.0 7.087756232909087E-4
692 95.0 1.2280159831523112E-4
693 131.0 9.071450792294983E-5
694 54.0 4.16317744869619E-4
695 164.0 9.762782492677133E-5
696 114.0 2.669382684906848E-4
697 218.0 1.1484563363481123E-4
698 227.0 9.86613992977561E-5
699 27.0 5.038100126280674E-5
700 297.0 5.043649597319174E-5
701 111.0 6.744439886853562E-4
702 67.0 1.384001736913062E-4
703 128.0 5.038100126280674E-5
704 148.0 6.928325589831145E-4
705 42.0 5.043649597319174E-5
706 28.0 5.038100126280674E-5
707 21.0 5.038100126280674E-5
708 59.0 5.038100126280674E-5
709 28.0 5.038100126280674E-5
710 131.0 8.283717999346967E-5
711 25.0 5.043649597319174E-5
712 22.0 5.038100126280674E-5
713 215.0 1.4710372465261275E-4
714 45.0 9.185945354216491E-5
715 141.0 1.0234329967616511E-4
716 65.0 7.859602445110144E-5
717 34.0 5.038100126280674E-5
718 17.0 0.0010532535510916036
719 333.0 6.425969302924471E-4
720 298.0 5.038100126280674E-5
721 36.0 8.495686213129304E-5
722 48.0 9.866139929775645E-5
723 336.0 5.043649597319174E-5
724 2.0 5.043649597319174E-5
725 34.0 4.2832878201255693E-4
726 283.0 5.043649597319174E-5
727 273.0 5.043649597319174E-5
728 275.0 5.043649597319174E-5
729 22.0 5.038100126280674E-5
730 139.0 5.043649597319174E-5
731 394.0 5.043649597319174E-5
732 46.0 5.038100126280674E-5
733 242.0 5.043649597319174E-5
734 16.0 5.043649597319174E-5
735 114.0 2.6359993761489967E-4
736 96.0 1.0054853592378059E-4
737 119.0 5.043649597319174E-5
738 269.0 5.043649597319174E-5
739 22.0 5.043649597319174E-5
740 43.0 5.038100126280674E-5
741 143.0 5.038100126280674E-5
742 88.0 5.043649597319174E-5
743 76.0 5.038100126280674E-5
744 24.0 5.038100126280674E-5
745 25.0 5.574548993335678E-5
746 13.0 5.038100126280674E-5
747 90.0 5.038100126280674E-5
748 104.0 5.043649597319174E-5
749 24.0 5.038100126280674E-5
750 31.0 5.038100126280674E-5
751 57.0 2.6147669636305984E-4
752 355.0 5.526985740716278E-5
753 158.0 2.207928484107128E-4
754 207.0 1.446248922634981E-4
755 59.0 5.043649597319174E-5
756 220.0 7.98479618904222E-5
757 8.0 5.043649597319174E-5
758 296.0 0.001486813454952866
759 247.0 5.043649597319174E-5
760 9.0 5.038100126280674E-5
761 329.0 6.696804948230869E-4
762 348.0 5.043649597319174E-5
763 17.0 5.038100126280674E-5
764 4.0 5.038100126280674E-5
765 28.0 9.866139929775675E-5
766 41.0 5.038100126280674E-5
767 40.0 5.038100126280674E-5
768 263.0 1.1996673447247855E-4
769 20.0 5.043649597319174E-5
770 607.0 0.002237345914570786
771 67.0 5.043649597319174E-5
772 27.0 5.038100126280674E-5
773 30.0 6.137120600877531E-5
774 171.0 5.043649597319174E-5
775 29.0 5.038100126280674E-5
776 83.0 5.038100126280674E-5
777 318.0 2.8916898730449453E-4
778 116.0 5.038100126280674E-5
779 31.0 4.2832878201255693E-4
780 12.0 5.043649597319174E-5
781 6.0 5.038100126280674E-5
782 135.0 4.0875300411880966E-4
783 35.0 5.043649597319174E-5
784 34.0 5.043649597319174E-5
785 17.0 5.043649597319174E-5
786 43.0 5.038100126280674E-5
787 31.0 5.038100126280674E-5
788 200.0 5.043649597319174E-5
789 51.0 5.038100126280674E-5
790 14.0 5.7278200982085354E-5
791 60.0 5.038100126280674E-5
792 119.0 5.038100126280674E-5
793 108.0 7.202282917588035E-5
794 21.0 5.038100126280674E-5
795 3.0 5.038100126280674E-5
796 26.0 5.038100126280674E-5
797 74.0 5.038100126280674E-5
798 146.0 5.043649597319174E-5
799 67.0 5.043649597319174E-5
800 11.0 5.043649597319174E-5
801 38.0 5.043649597319174E-5
802 13.0 5.043649597319174E-5
803 26.0 5.043649597319174E-5
804 9.0 5.038100126280674E-5
805 9.0 5.038100126280674E-5
806 8.0 5.038100126280674E-5
807 28.0 5.038100126280674E-5
808 64.0 5.043649597319174E-5
809 2.0 5.038100126280674E-5
810 34.0 5.038100126280674E-5
811 6.0 5.038100126280674E-5
812 101.0 5.038100126280674E-5
813 33.0 5.038100126280674E-5
814 13.0 5.043649597319174E-5
815 10.0 5.043649597319174E-5
816 93.0 5.038100126280674E-5
817 272.0 1.789040657719232E-4
818 227.0 5.038100126280674E-5
819 47.0 7.452120028028143E-5
820 106.0 5.038100126280674E-5
821 14.0 6.082167714072282E-5
822 24.0 5.038100126280674E-5
823 13.0 5.043649597319174E-5
824 12.0 6.501009369122279E-5
825 288.0 3.425394503166815E-4
826 17.0 5.043649597319174E-5
827 43.0 5.038100126280674E-5
828 17.0 5.043649597319174E-5
829 37.0 5.043649597319174E-5
830 101.0 8.495686213129304E-5
831 53.0 5.038100126280674E-5
832 43.0 2.2723768011163306E-4
833 285.0 5.043649597319174E-5
834 241.0 1.6735833116970702E-4
835 44.0 5.038100126280674E-5
836 43.0 5.043649597319174E-5
837 4.0 5.038100126280674E-5
838 190.0 1.266229860013484E-4
839 2.0 5.038100126280674E-5
840 173.0 1.7928678477460778E-4
841 44.0 5.038100126280674E-5
842 40.0 5.038100126280674E-5
843 30.0 5.043649597319174E-5
844 20.0 6.251989955811925E-5
845 195.0 5.043649597319174E-5
846 26.0 5.043649597319174E-5
847 31.0 5.038100126280674E-5
848 246.0 5.038100126280674E-5
849 61.0 5.043649597319174E-5
850 29.0 5.038100126280674E-5
851 59.0 5.043649597319174E-5
852 21.0 5.043649597319174E-5
853 30.0 5.043649597319174E-5
854 16.0 5.043649597319174E-5
855 23.0 5.043649597319174E-5
856 62.0 5.038100126280674E-5
857 90.0 1.683003488121893E-4
858 174.0 5.043649597319174E-5
859 3.0 5.038100126280674E-5
860 150.0 5.043649597319174E-5
861 3.0 5.038100126280674E-5
862 134.0 9.877011031290164E-5
863 21.0 5.043649597319174E-5
864 63.0 5.043649597319174E-5
865 25.0 5.038100126280674E-5
866 93.0 5.038100126280674E-5
867 20.0 5.038100126280674E-5
868 3.0 5.038100126280674E-5
869 158.0 5.038100126280674E-5
870 170.0 1.34480647021846E-4
